22,13
1,66
22,12
1,57
3,55
22,11
22,10
2,47
22,9
1,50
22,8
22,7
3,48
1,46
33,3
33,2
33,1
33,0
32,3
32,2
32,1
32,0
31,4
31,3
31,2
31,1
31,0
30,8
30,7
30,6
30,5
30,4
30,3
30,2
30,1
30,0
29,5
29,4
29,3
29,2
29,1
29,0
28,3
28,2
28,1
28,0
27,6
27,5
27,4
27,3
27,2
27,1
27,0
26,4
26,3
26,2
26,1
26,0
25,4
25,3
25,2
25,1
25,0
24,7
24,6
24,5
24,4
24,3
24,2
24,1
24,0
23,5
23,4
23,3
23,2
23,1
23,0
22,6
22,5
22,4
22,3
22,2
22,1
22,0
21,4
21,3
21,2
21,1
21,0
20,9
20,8
20,7
20,6
20,5
20,4
20,3
20,2
20,1
20,0
19,11
19,10
19,9
19,8
19,7
19,6
19,5
19,4
19,3
19,2
19,1
19,0
18,6
18,5
18,4
18,3
18,2
18,1
18,0
17,5
17,4
17,3
17,2
17,1
17,0
16,3
16,2
16,1
16,0
15,4
15,3
15,2
15,1
15,0
14,4
14,3
14,2
14,1
14,0
13,13
13,12
13,11
13,10
13,9
13,8
13,7
13,6
13,5
13,4
13,3
13,2
13,1
13,0
12,4
12,3
12,2
12,1
12,0
11,9
11,8
11,7
11,6
11,5
11,4
11,3
11,2
11,1
11,0
10,4
10,3
10,2
10,1
10,0
9,4
9,3
9,2
9,1
9,0
8,3
8,2
8,1
8,0
7,3
5,29
5,28
5,27
5,26
5,25
5,24
5,23
5,22
5,21
5,20
5,19
5,18
5,17
5,16
5,15
5,14
5,13
5,12
5,11
5,10
5,9
5,8
5,7
5,6
5,5
5,4
5,3
5,2
5,0
4,3
3,2
2,2
1,2
0,61
0,60
0,58
0,57
0,53
0,52
0,51
0,9
0,2
33,4
34,0
34,2
34,3
35,1
35,2
36,0
36,2
36,3
37,0
37,1
37,3
37,5
37,6
38,1
38,2
38,4
38,5
39,1
39,3
39,4
40,0
40,1
40,3
40,5
41,0
41,2
41,3
41,5
42,0
42,2
42,4
42,5
43,0
43,1
43,3
43,5
44,0
44,2
44,3
45,0
45,1
45,3
46,0
46,1
46,3
46,4
47,0
47,2
47,3
47,5
47,6
48,1
48,3
48,4
48,6
49,0
49,2
49,3
49,5
50,0
50,1
50,3
50,4
51,1
51,3
51,4
52,0
52,1
52,3
52,4
52,6
53,0
53,1
53,3
53,4
54,0
54,2
54,3
55,0
55,1
55,3
56,0
56,2
56,4
56,5
57,1
57,2
57,4
58,1
58,2
58,4
59,0
59,2
60,0
60,1
60,3
60,4
60,6
61,0
61,2
61,4
61,5
61,7
62,0
62,2
62,4
62,5
63,0
63,1
63,3
63,4
64,1
64,3
64,4
64,6
65,0
65,2
65,4
66,0
66,2
66,3
67,0
67,1
67,3
68,1
68,2
68,4
69,0
69,2
69,4
69,5
69,7
69,8
70,0
70,1
70,3
71,0
71,1
71,3
71,4
72,0
72,2
72,3
73,0
73,1
73,3
73,5
73,6
74,0
74,1
74,3
74,4
75,0
75,2
75,3
75,5
76,0
76,2
76,4
76,5
77,1
77,2
78,0
78,1
78,3
79,1
79,2
79,4
80,0
80,2
80,4
80,5
81,1
81,2
81,4
81,5
82,1
82,3
82,4
83,0
83,1
83,3
84,0
84,1
84,3
84,4
85,0
85,2
85,3
86,0
86,1
86,3
86,4
87,1
87,3
87,4
88,1
88,2
88,4
89,1
89,2
89,4
90,0
90,2
90,3
91,0
91,2
91,3
92,0
92,1
92,3
93,0
93,1
93,3
93,4
94,1
94,2
94,4
95,1
95,2
95,4
95,5
96,1
96,3
96,4
97,1
97,2
98,0
98,1
98,3
99,1
99,2
99,4
100,0
100,2
101,0
101,1
101,3
101,4
102,1
102,3
102,4
103,1
103,2
103,4
103,5
103,7
103,9
104,0
104,2
104,3
104,5
105,0
105,1
105,3
105,4
105,6
106,0
106,2
106,4
106,5
107,1
107,2
107,4
108,1
108,2
108,4
108,5
109,1
109,2
109,4
110,0
110,1
110,3
110,4
111,1
111,3
112,0
112,2
112,3
113,0
113,2
113,3
113,5
113,6
113,8
113,9
113,11
113,13
113,14
113,16
113,17
113,19
113,21
114,0
114,2
114,3
115,0
115,1
115,3
115,5
115,6
116,1
116,2
116,4
117,0
117,1
117,3
117,4
118,1
118,2
118,4
119,1
119,2
119,4
119,5
120,1
120,3
120,4
120,6
120,7
121,1
121,3
121,4
121,6
121,7
122,1
122,2
122,4
122,6
123,0
123,2
123,3
123,5
124,1
124,2
124,4
124,5
125,0
125,1
125,3
125,5
125,6
126,1
126,2
126,4
127,1
127,2
127,4
128,0
128,2
128,3
129,0
129,2
129,3
129,5
130,0
130,2
130,4
130,5
131,1
131,2
131,4
132,0
132,2
132,4
132,5
133,1
133,2
133,4
134,1
134,2
135,0
135,1
135,3
135,5
136,0
136,2
136,3
136,5
136,6
136,8
136,10
137,0
137,2
137,3
137,5
138,0
138,1
138,3
138,4
138,6
138,7
138,8
138,5
138,2
137,6
137,4
137,1
136,9
136,7
136,4
136,1
135,4
135,2
134,3
134,0
133,3
133,0
132,3
132,1
131,3
131,0
130,3
130,1
129,4
129,1
128,4
128,1
127,3
127,0
126,3
126,0
125,4
125,2
124,6
124,3
124,0
123,4
123,1
122,5
122,3
122,0
121,5
121,2
121,0
120,5
120,2
120,0
119,3
119,0
118,3
118,0
117,2
116,5
116,3
116,0
115,4
115,2
114,4
114,1
113,20
113,18
113,15
113,12
113,10
113,7
113,4
113,1
112,4
112,1
111,2
111,0
110,2
109,5
109,3
109,0
108,3
108,0
107,3
107,0
106,3
106,1
105,5
105,2
104,6
104,4
104,1
103,8
103,6
103,3
103,0
102,2
102,0
101,2
100,3
100,1
99,3
99,0
98,2
97,3
97,0
96,2
96,0
95,3
95,0
94,3
94,0
93,2
92,4
92,2
91,4
91,1
90,4
90,1
89,3
89,0
88,3
88,0
87,2
87,0
86,2
85,4
85,1
84,5
84,2
83,4
83,2
82,5
82,2
82,0
81,3
81,0
80,3
80,1
79,3
79,0
78,2
77,3
77,0
76,3
76,1
75,4
75,1
74,5
74,2
73,7
73,4
73,2
72,4
72,1
71,5
71,2
70,4
70,2
69,9
69,6
69,3
69,1
68,3
68,0
67,2
66,4
66,1
65,3
65,1
64,5
64,2
64,0
63,2
62,6
62,3
62,1
61,6
61,3
61,1
60,5
60,2
59,3
59,1
58,3
58,0
57,3
57,0
56,3
56,1
55,2
54,4
54,1
53,5
53,2
52,7
52,5
52,2
51,5
51,2
51,0
50,2
49,6
49,4
49,1
48,5
48,2
48,0
47,4
47,1
46,5
46,2
45,4
45,2
44,4
44,1
43,4
43,2
42,6
42,3
42,1
41,4
41,1
40,4
40,2
39,5
39,2
39,0
38,3
38,0
37,4
37,2
36,4
36,1
35,3
35,0
34,1
0,59
0,55
1,45
3,44
2,44
1,44
3,43
2,43
1,43
3,42
2,42
1,42
3,41
2,41
1,41
3,40
2,40
1,40
3,39
2,39
1,39
3,38
2,38
1,38
3,37
2,37
1,37
3,36
2,36
1,36
3,35
2,35
1,35
3,34
2,34
1,34
3,33
2,33
1,33
3,32
2,32
1,32
3,31
2,31
1,31
3,30
2,30
1,30
3,29
2,29
1,29
3,28
2,28
1,28
3,27
2,27
1,27
3,26
2,26
1,26
3,25
2,52
2,25
1,25
3,50
3,24
2,24
1,24
3,49
3,23
2,23
1,23
3,22
2,22
1,48
1,22
3,21
2,21
1,21
3,20
2,20
1,20
3,19
2,19
1,19
3,18
2,18
1,18
3,17
2,17
1,17
3,16
2,16
1,16
3,15
2,15
1,15
3,14
2,14
1,14
3,13
2,48
2,13
1,13
3,46
3,12
2,12
1,12
3,11
2,11
1,11
3,10
2,10
1,10
3,9
2,9
1,9
3,8
2,8
1,8
3,7
2,7
1,7
3,6
2,6
1,6
3,5
2,5
1,5
3,4
2,4
1,4
3,3
3,0
2,3
2,0
1,3
1,0
0,6
0,0
0,47
0,46
0,49
0,48
0,45
0,56
0,12
0,50
0,10
0,8
0,54
0,11
0,5
0,7
0,4
0,3
